8858
1768
6757
3327
9890
2197
2919
4076
7682
3568
3040
6595
4848
5614
2390
8231
9620
953
9333
7863
9427
1411
1174
6078
8403
9398
1933
4961
400
521
2693
8854
5613
7477
6621
8022
7805
5662
3163
3499
3478
729
4184
8721
9056
3694
8031
9586
0
5525
9700
6860
7854
2930
8204
2828
2001
4598
6485
8494
3037
931
9506
8863
3133
648
401
687
117
2391
1034
4927
686
4572
8937
9902
4727
8203
4405
5399
3685
3689
5541
7033
3672
6868
7280
7181
5716
1277
935
6240
2437
3249
1884
8958
7286
6061
4698
7347
6761
9972
3068
9234
6505
6583
5957
2483
4907
5218
3629
7030
407
6309
4434
6699
6733
2826
4274
1942
4695
8766
9271
3285
6000
629
9097
7161
7168
1596
2113
126
9601
9537
5125
2348
7503
9423
3654
7512
7252
4228
9953
8354
7628
6547
3861
2125
2906
5065
9712
8600
7540
5901
2547
9644
9203
5042
7111
9254
5203
7308
222
2150
4640
9512
909
7795
4067
2422
7269
2810
5812
1625
4235
4723
751
3410
8314
7439
2042
8447
9499
9804
5885
2640
4562
7222
159
4720
7890
6919
5034
4782
5157
6664
1546
5581
8100
1302
5549
6828
7848
4195
6243
879
1926
140
57
1613
7068
7813
7762
5855
8236
3901
7167
8111
7641
4497
2542
579
9340
2248
2043
1817
8737
7458
7652
5930
5394
8370
9534
3214
3115
7992
5825
8678
7621
9997
426
5022
4016
3448
4231
3425
9029
1321
8499
5222
2777
5498
2964
9491
7473
7139
914
4444
6217
4036
9492
1498
6901
2703
823
7581
5768
6266
9624
2134
463
2037
8072
4459
3257
6631
607
4079
5661
6893
4662
977
8287
639
5804
5603
9724
8384
4042
9708
4349
103
970
4966
645
7182
2420
8607
6884
5286
9941
9390
2947
8194
4616
5828
8101
7380
7542
5475
6876
1726
642
5747
4173
738
994
4834
3624
531
8013
1345
8908
9406
3014
3583
9623
4316
9874
9142
227
2203
2586
3439
3417
5982
4891
1446
7684
3058
7430
2326
6287
2593
105
6276
6605
8652
2153
6885
6636
8091
4979
311
705
6520
5437
9408
768
9060
2871
7098
562
7128
6051
323
916
829
8977
5369
9053
4465
9942
5170
2958
6611
338
2679
9674
4508
4607
7453
432
8573
8800
9785
7242
539
9871
4181
990
9864
6298
4424
2312
5300
230
2838
3002
2818
3607
9717
4262
9928
4072
5952
9388
2394
8407
789
1744
6692
6095
3449
7691
4568
4321
6516
8366
9504
4398
3546
357
5624
56
6365
708
7818
3477
4957
9091
3455
1239
4912
5776
5882
2059
9881
2300
8663
6792
445
3559
3298
5660
8846
9823
5384
4828
9285
7151
1974
1936
5438
2711
4251
8302
9704
7339
2534
5326
1981
2728
7087
8807
9103
1361
2299
4970
5904
4108
5078
2175
8210
9929
7282
1098
8650
4428
419
6448
9031
4859
2656
3864
709
5751
2142
2612
1221
4109
6383
8416
6434
5531
7496
1294
4989
5545
7483
